Soc,r0,r1,c,Temp,DBSCANclusters
10,0.006463527239150479,0.01391631464530907,2982.049372880475,10,-1
0,0.006481481481481453,0.04205777586306503,327.3130185582476,10,-1
10,0.009724305591475699,0.01114027221134217,6580.835359477695,10,-1
0,0.006326530612244882,0.04234354611889179,314.2933240113921,10,-1
10,0.009670781893004148,0.011309402256796,7207.483622255122,10,-1
0,0.01231055707857034,0.03732369038971128,444.087597819942,10,-1
10,0.006463527239150479,0.01396173586207683,2956.84555018716,10,-1
0,0.006584362139917701,0.04200126809083182,329.4255065641937,10,-1
10,0.009724305591475699,0.01118633176965511,6514.346095687187,10,-1
0,0.006326530612244927,0.04228620494894419,315.6819965452552,10,-1
10,0.009670781893004148,0.01135370584388429,7121.917367251527,10,-1
0,0.01220710701908657,0.03736714251819861,441.4199708384959,10,-1
10,0.006258335898225089,0.0136378431400056,3095.914210205025,10,-1
0,0.006275720164609047,0.04327333581949266,334.5368090960783,10,-1
10,0.009310505353540608,0.01088851371842636,6854.348146284219,10,-1
0,0.006122448979591842,0.04317615310798095,323.2986912747587,10,-1
10,0.009259259259259245,0.01105553714027552,7471.122242828704,10,-1
0,0.01189675684063521,0.03808306039699894,447.8829607559355,10,-1
10,0.006258335898225089,0.01364189640241331,3090.460268987948,10,-1
0,0.006275720164609047,0.04327647459496864,334.8303894847681,10,-1
10,0.009310505353540608,0.01089109998295779,6830.200462948187,10,-1
0,0.006122448979591842,0.04317789405086947,323.3293539108579,10,-1
10,0.009362139917695494,0.01105707954091917,7464.416590841936,10,-1
0,0.01189675684063521,0.0380854767720652,447.6461482635793,10,-1
10,0.006360931568687785,0.01286075477076587,3643.741548013063,10,-1
0,0.006378600823045296,0.03711178818273109,431.7479620819923,10,-1
10,0.00920705529405679,0.01030261438721658,7870.088404017739,10,-1
0,0.006122448979591842,0.03713844269582955,415.5164123246405,10,-1
10,0.009156378600823044,0.0104783089110837,8684.553079798934,10,-1
0,0.01179330678115139,0.03197769347609458,639.1709991234599,10,-1
10,0.006360931568687785,0.0128642243506133,3638.674706127861,10,-1
0,0.006378600823045296,0.03711417323396871,431.6797373272017,10,-1
10,0.00920705529405679,0.01030587324694243,7876.088226781282,10,-1
0,0.006326530612244927,0.03703964935412485,419.152973564657,10,-1
10,0.009156378600823044,0.0104817157384044,8653.195619188033,10,-1
0,0.01179330678115139,0.0319816329544661,639.701215484792,10,-1
10,0.00636093156868783,0.01395948609596498,2888.885079471965,10,-1
0,0.006378600823045296,0.04207597017637166,340.9476265571705,10,-1
10,0.009517405472508154,0.01118572912154925,6343.021176446987,10,-1
0,0.006224489795918362,0.04225872103819672,327.5481387668635,10,-1
10,0.0095679012345679,0.01124521202820261,7085.184048991429,10,-1
0,0.01210365695960275,0.03693446840602144,466.5256896630045,10,-1
10,0.006463527239150525,0.01399668030695544,2866.629130966884,10,-1
0,0.006481481481481499,0.04211546220244278,340.0406721315775,10,-1
10,0.009724305591475699,0.01112002022653902,6455.232661658953,10,-1
0,0.006224489795918362,0.04229687182715958,326.0014999317985,10,-1
10,0.009670781893004103,0.01128395289004158,7018.246587216351,10,-1
0,0.01220710701908652,0.03697201249955728,465.598914721259,10,-1
10,0.00636093156868783,0.01452054582418494,2646.672162116234,10,-1
0,0.00637860082304525,0.0450119364908298,328.4045752901437,10,-1
10,0.009724305591475699,0.01146300892460295,6028.953751694539,10,-1
0,0.006224489795918362,0.04472843503390111,318.0982391125082,10,-1
10,0.00977366255144035,0.01150801455909634,6689.430026568768,10,-1
0,0.01220710701908652,0.03924869958847454,441.7761923417683,10,-1
10,0.006463527239150525,0.01455259960688371,2643.45787079196,10,-1
0,0.006481481481481499,0.04503838720031184,327.8738854530895,10,-1
10,0.009724305591475746,0.01149359515286352,6007.414973937806,10,-1
0,0.006224489795918362,0.04475510619990752,318.4921326095546,10,-1
10,0.009773662551440306,0.01153911950933384,6647.382822873559,10,-1
0,0.01220710701908652,0.03927511737800182,441.3685545623188,10,-1
